0 3.93 9.48
1 1.67 3.87
2 1.22 5.18
3 3.78 5.13
4 4.63 4.22
5 1.67 6.27
6 1.56 9.31
7 3.51 7.0
8 4.73 2.69
9 1.86 5.56
10 2.36 3.72
11 1.06 2.22
12 4.7 6.22
13 4.53 8.96
14 3.56 7.93
15 3.01 4.01
16 1.51 2.0
17 4.84 9.37
18 1.05 6.02
19 2.95 8.51
20 3.12 3.52
21 4.48 5.25
22 2.36 7.99
23 3.94 8.14
24 4.85 3.93
25 2.99 3.37
26 1.29 9.64
27 4.9 3.0
28 1.94 9.76
29 2.46 7.97
30 2.0 5.84
31 1.1 3.95
32 1.02 2.03
33 4.7 7.69
34 2.62 5.13
35 3.23 2.75
36 2.66 3.49
37 1.94 8.45
38 1.93 7.0
39 3.51 7.46
40 3.33 5.98
41 4.73 5.52
42 2.43 4.33
43 2.74 7.08
44 1.13 2.83
45 2.54 8.38
46 1.96 6.65
47 1.81 4.19
48 4.04 4.76
49 2.42 7.74
50 2.03 3.3
51 1.59 4.92
52 3.7 9.06
53 1.55 3.36
54 4.25 5.89
55 2.18 8.34
56 4.99 6.62
57 2.88 5.11
58 2.94 3.99
59 1.98 5.75
60 1.24 4.51
61 4.42 7.47
62 1.4 5.97
63 1.9 8.63
64 2.79 8.62
65 3.88 8.08
66 4.38 9.61
67 3.46 2.11
68 3.43 7.07
69 4.99 5.19
70 1.39 9.53
71 1.78 3.42
72 2.13 5.24
73 1.43 8.95
74 2.41 6.82
75 3.77 6.82
76 4.35 6.05
77 2.94 5.8
78 1.28 8.56
79 4.76 2.42
80 2.74 6.67
81 4.77 8.3
82 4.22 5.26
83 4.59 8.74
84 4.24 2.31
85 2.78 3.25
86 3.46 3.08
87 4.87 9.1
88 4.33 7.13
89 1.71 3.29
90 2.15 3.64
91 4.77 5.17
92 2.27 2.86
93 3.76 5.78
94 4.74 7.29
95 2.73 5.55
96 2.61 4.65
97 1.07 5.37
98 4.32 8.22
99 3.17 6.09
